Stand Benchmark_Medium2 am 16.1.2015:

EdgeMean:981.273377098
Colormean:500.0
EdgeVariance:2980531.28808
ColorVariance:4697656.84452

